2.23229 -1.694087 0.31641256
0.012371845937990095
-2.360679774997897 -1.694087 0.31641256
0.26913940782658924
2.3606797749978963 -1.694087 0.31641256
0.024616246727773572
5.278640450004206 -1.694087 0.31641256
309.5513888323142
0.0018640041410402652 -1.694087 0.31641256
0.12378426629062195
3.4752415750147203 -1.694087 0.31641256
109.61051713831652
1.4596923237298611 -1.694087 0.31641256
0.04830605356880199
3.1271730325724247 -1.694087 0.31641256
67.17702274908613
2.0165331920506464 -1.694087 0.31641256
0.020202788287702566
2.0973286303612513 -1.694087 0.31641256
0.016464239128686192
2.1600317842712404 -1.694087 0.31641256
0.013937609432954499
2.236672496954449 -1.694087 0.31641256
0.012382599699546
2.2690135308677535 -1.694087 0.31641256
0.013178457074878573
2.2229768674695336 -1.694087 0.31641256
0.01240704274026347
2.2313812141156553 -1.694087 0.31641256
0.012371924430490972
2.2317971330644752 -1.694087 0.31641256
0.01237179315130351
2.231918950577073 -1.694087 0.31641256
0.012371785099201995
2.231929262230311 -1.694087 0.31641256
0.012371785052105348
2.231928928891627 -1.694087 0.31641256
0.012371785052077523
2.231928595552938 -1.694087 0.31641256
0.012371785052153281
2.231928928891627 -2.360679774997898 0.31641256
0.04245636115475753
2.231928928891627 2.3606797749978954 0.31641256
330.01627432077936
2.231928928891627 -5.278640450004207 0.31641256
0.19430499243860294
2.231928928891627 -3.816818135838826 0.31641256
0.11764378696614612
2.231928928891627 -0.5572809000084138 0.31641256
75.0059766415821
2.231928928891627 -1.671842700025238 0.31641256
0.012596293959220807
2.231928928891627 -1.2461179749810745 0.31641256
1.2762427163826204
2.231928928891627 -1.9349550499537347 0.31641256
0.021048732205091458
2.231928928891627 -1.509230324909571 0.31641256
0.031440006521642944
2.231928928891627 -1.7571969214987477 0.31641256
0.013521578522179313
2.231928928891627 -1.669251904582754 0.31641256
0.01265518675087262
2.231928928891627 -1.7003209535632793 0.31641256
0.012386768486087277
2.231928928891627 -1.7220456401715791 0.31641256
0.012641851328297017
2.231928928891627 -1.695751506181785 0.31641256
0.012372850125540062
2.231928928891627 -1.6945361396522312 0.31641256
0.012371855029237284
2.231928928891627 -1.694080517104313 0.31641256
0.01237178522914495
2.231928928891627 -1.6941160175004895 0.31641256
0.0123717846744728
2.231928928891627 -1.6941177084002477 0.31641256
0.0123717846733809
2.231928928891627 -1.6941173750664589 0.31641256
0.012371784673413964
2.231928928891627 -1.6941180417340365 0.31641256
0.012371784673437355
2.231928928891627 -1.6941177084002477 -2.360679774997898
0.14133953535240446
2.231928928891627 -1.6941177084002477 2.3606797749978954
101.16857093350086
2.231928928891627 -1.6941177084002477 -5.278640450004206
0.29307313289735476
2.231928928891627 -1.6941177084002477 -3.810400313752238
0.2163752194329988
2.231928928891627 -1.6941177084002477 -0.5572809000084133
0.04915725791242757
2.231928928891627 -1.6941177084002477 0.5572809000084107
0.02860139743111363
2.231928928891627 -1.6941177084002477 0.82355728346001
0.16423475546186214
2.231928928891627 -1.6941177084002477 0.13155617496424704
0.0169479346033143
2.231928928891627 -1.6941177084002477 0.13864322566883844
0.016681968482012147
2.231928928891627 -1.6941177084002477 0.25613527450671736
0.013075124937310355
2.231928928891627 -1.6941177084002477 0.37116266788501706
0.013195146036686117
2.231928928891627 -1.6941177084002477 0.3098273214397898
0.012381874385548157
2.231928928891627 -1.6941177084002477 0.3113559571596561
0.012377774772846056
2.231928928891627 -1.6941177084002477 0.31783010412573903
0.012372247119075586
2.231928928891627 -1.6941177084002477 0.33820133077461234
0.01249137999334806
2.231928928891627 -1.6941177084002477 0.31646188673046916
0.012371784756701391
2.231928928891627 -1.6941177084002477 0.31642207200911726
0.012371784600017201
2.231928928891627 -1.6941177084002477 0.31643368422650137
0.01237178456837518
2.231928928891627 -1.6941177084002477 0.3164333508928547
0.012371784568395662
2.231928928891627 -1.6941177084002477 0.316434017560148
0.01237178456840711
2.2315678577832543 -1.6941484168004954 0.3164548084530027
0.012371854173640846
-2.3606797749978976 -1.6941177084002477 0.31643368422650137
0.26914047640879446
2.360679774997896 -1.6941177084002477 0.31643368422650137
0.02461358277569886
5.278640450004206 -1.6941177084002477 0.31643368422650137
309.5499420064146
0.0018640412731563138 -1.6941177084002477 0.31643368422650137
0.12378481406246429
3.47524157501472 -1.6941177084002477 0.31643368422650137
109.60886129472084
1.459692337913067 -1.6941177084002477 0.31643368422650137
0.04830663802454921
3.127513340755115 -1.6941177084002477 0.31643368422650137
67.21909756672498
2.016533197468149 -1.6941177084002477 0.31643368422650137
0.020203403117195984
2.097382635170701 -1.6941177084002477 0.31643368422650137
0.016462446311283997
2.1600537233103565 -1.6941177084002477 0.31643368422650137
0.013937309752074023
2.2366860560263033 -1.6941177084002477 0.31643368422650137
0.01238259789538976
2.26901039746316 -1.6941177084002477 0.31643368422650137
0.01317763508300715
2.222994788768396 -1.6941177084002477 0.31643368422650137
0.012407010341985596
2.231395634671384 -1.6941177084002477 0.31643368422650137
0.012371923542011977
2.2318109940887636 -1.6941177084002477 0.31643368422650137
0.012371792570577578
2.231932763713912 -1.6941177084002477 0.31643368422650137
0.012371784525614975
2.2319430645031284 -1.6941177084002477 0.31643368422650137
0.012371784478616542
2.2319427311695854 -1.6941177084002477 0.31643368422650137
0.012371784478588811
2.2319423978360473 -1.6941177084002477 0.31643368422650137
0.012371784478664685
2.2319427311695854 -2.3606797749978985 0.31643368422650137
0.04245467393972277
2.2319427311695854 2.360679774997895 0.31643368422650137
330.01886890930376
2.2319427311695854 -5.278640450004207 0.31643368422650137
0.19430316498113492
2.2319427311695854 -3.8168181608058283 0.31643368422650137
0.11764202075508864
2.2319427311695854 -0.557280900008414 0.31643368422650137
75.0090597787319
2.2319427311695854 -1.671842700025238 0.31643368422650137
0.01259694704501355
2.2319427311695854 -1.2461179749810745 0.31643368422650137
1.277121030887478
2.2319427311695854 -1.934955049953735 0.31643368422650137
0.021047207129962327
2.2319427311695854 -1.5092303249095713 0.31643368422650137
0.031445667714325096
2.2319427311695854 -1.7572158543941743 0.31643368422650137
0.013521202672655431
2.2319427311695854 -1.6693396690437148 0.31643368422650137
0.012653806814778939
2.2319427311695854 -1.7003479334545255 0.31643368422650137
0.012386749640127946
2.2319427311695854 -1.7220695463839295 0.31643368422650137
0.012641724952622344
2.2319427311695854 -1.6957846820742721 0.31643368422650137
0.012372852630794358
2.2319427311695854 -1.694567389004917 0.31643368422650137
0.012371854604969628
2.2319427311695854 -1.6941112823391242 0.31643368422650137
0.012371784654412446
2.2319427311695854 -1.6941468099806436 0.31643368422650137
0.012371784098808422
2.2319427311695854 -1.694148505222654 0.31643368422650137
0.012371784097710864
2.2319427311695854 -1.6941481718888638 0.31643368422650137
0.01237178409774391
2.2319427311695854 -1.694148838556444 0.31643368422650137
0.012371784097767326
2.2319427311695854 -1.694148505222654 -2.360679774997898
0.14134044309440089
2.2319427311695854 -1.694148505222654 2.3606797749978954
101.16716749872076
2.2319427311695854 -1.694148505222654 -5.278640450004206
0.2930740483693545
2.2319427311695854 -1.694148505222654 -3.8104001848748306
0.2163761176888331
2.2319427311695854 -1.694148505222654 -0.5572809000084133
0.04915817973679796
2.2319427311695854 -1.694148505222654 0.5572809000084107
0.028598805666461266
2.2319427311695854 -1.694148505222654 0.8237777321901387
0.16469150413037265
2.2319427311695854 -1.694148505222654 0.13155617496424704
0.0169486876117166
2.2319427311695854 -1.694148505222654 0.13868116298741834
0.016681298428468425
2.2319427311695854 -1.694148505222654 0.25615779980479936
0.013075082520099066
2.2319427311695854 -1.694148505222654 0.3711765892848385
0.01319491436199873
2.2319427311695854 -1.694148505222654 0.30985133319686736
0.012381864204472598
2.2319427311695854 -1.694148505222654 0.3113775873796907
0.012377772351067552
2.2319427311695854 -1.694148505222654 0.31785042254391804
0.012372246175507355
2.2319427311695854 -1.694148505222654 0.33821920574920544
0.01249134411821963
2.2319427311695854 -1.694148505222654 0.3164827400568188
0.01237178418335583
2.2319427311695854 -1.694148505222654 0.3164429470245468
0.012371784026842908
2.2319427311695854 -1.694148505222654 0.31645455284054697
0.012371783995236061
2.2319427311695854 -1.694148505222654 0.3164542195069041
0.012371783995256564
2.2319427311695854 -1.694148505222654 0.3164548861741898
0.012371783995267996
   direc: array([[1., 0., 0.],
       [0., 1., 0.],
       [0., 0., 1.]])
     fun: 0.012371783995236061
 message: 'Optimization terminated successfully.'
    nfev: 120
     nit: 2
  status: 0
 success: True
       x: array([ 2.23194273, -1.69414851,  0.31645455])

