0.0 0.0 0.0
0.003927782147431523
-2.360679774997898 0.0 0.0
23.23061273426956
2.3606797749978954 0.0 0.0
3.362729384849845
5.278640450004205 0.0 0.0
28.35233281866462
1.2584768907342159 0.0 0.0
0.014883424899068623
1.0509780064752765 0.0 0.0
0.012478971589293647
1.1522196128681994 0.0 0.0
0.0136209627828689
-0.25215930806441467 0.0 0.0
0.0036252994010344333
-0.6641298161344928 0.0 0.0
0.006225275141715215
-0.045172023252333104 0.0 0.0
0.003794095790335912
-0.18407928623722905 0.0 0.0
0.00359441687954553
-0.19329437451617454 0.0 0.0
0.003593364518365467
-0.1946062722144872 0.0 0.0
0.0035933451601471685
-0.19473134182377888 0.0 0.0
0.00359334501897046
-0.1947283217599389 0.0 0.0
0.0035933450188821185
-0.1947279855383178 0.0 0.0
0.003593345018882999
-0.19472865798156 0.0 0.0
0.0035933450188833987
-0.1947283217599389 -2.360679774997898 0.0
8.53234936075096
-0.1947283217599389 2.3606797749978954 0.0
0.15214942900052497
-0.1947283217599389 5.278640450004205 0.0
18.97942506572293
-0.1947283217599389 0.8240663440912845 0.0
0.006389248211809102
-0.1947283217599389 1.5115898797402818 0.0
0.010992646926329142
-0.1947283217599389 1.1355854360568012 0.0
0.008301420608911758
-0.1947283217599389 -0.39239842786146273 0.0
0.004396211000361297
-0.1947283217599389 -0.062334651885532166 0.0
0.003598337368350488
-0.1947283217599389 0.03679459029314981 0.0
0.003609207055900515
-0.1947283217599389 -0.02208187155588679 0.0
0.003590440551566138
-0.1947283217599389 -0.023324674762541513 0.0
0.0035904275423733136
-0.1947283217599389 -0.023691284434585416 0.0
0.003590426791207897
-0.1947283217599389 -0.023703830549650026 0.0
0.003590426790397735
-0.1947283217599389 -0.023703496864732068 0.0
0.0035904267903979653
-0.1947283217599389 -0.023704164234567983 0.0
0.0035904267903986795
-0.1947283217599389 -0.023703830549650026 -2.360679774997898
0.06863514693121832
-0.1947283217599389 -0.023703830549650026 2.3606797749978954
0.010151605556111899
-0.1947283217599389 -0.023703830549650026 5.278640450004205
8.68521771610049
-0.1947283217599389 -0.023703830549650026 0.01584864773141703
0.003594046205488502
-0.1947283217599389 -0.023703830549650026 0.9694031512042597
0.005017586294852241
-0.1947283217599389 -0.023703830549650026 -0.30394028337871964
0.0036928162334212418
-0.1947283217599389 -0.023703830549650026 -0.034905360674215624
0.003585391369383375
-0.1947283217599389 -0.023703830549650026 -0.057378419296675594
0.0035843241551902012
-0.1947283217599389 -0.023703830549650026 -0.060273669040018685
0.0035843123167973116
-0.1947283217599389 -0.023703830549650026 -0.06002108151725841
0.0035843122008622098
-0.1947283217599389 -0.023703830549650026 -0.06001402173069572
0.003584312200778448
-0.1947283217599389 -0.023703830549650026 -0.06001435595418085
0.0035843122007784877
-0.1947283217599389 -0.023703830549650026 -0.06001368750721059
0.0035843122007787193
-0.3894566435198778 -0.04740766109930005 -0.12002804346139144
0.004361191968483816
-2.3606797749978976 -0.023703830549650026 -0.06001402173069572
25.257413107859048
2.360679774997896 -0.023703830549650026 -0.06001402173069572
2.851674270712148
5.278640450004205 -0.023703830549650026 -0.06001402173069572
27.959960673216848
1.3577639766283813 -0.023703830549650026 -0.06001402173069572
0.015601638210290413
1.1650117065159409 -0.023703830549650026 -0.06001402173069572
0.01329541476242561
1.2588476231319488 -0.023703830549650026 -0.06001402173069572
0.014384371399352698
-0.1816826055763738 -0.023703830549650026 -0.06001402173069572
0.003575554965810977
-0.6932384099530688 -0.023703830549650026 -0.06001402173069572
0.007314346989823707
0.030015465878741626 -0.023703830549650026 -0.06001402173069572
0.0038685250977349124
-0.13340656165915515 -0.023703830549650026 -0.06001402173069572
0.0035718876563237013
-0.15329269359227574 -0.023703830549650026 -0.06001402173069572
0.0035679985294080935
-0.15357336514649908 -0.023703830549650026 -0.06001402173069572
0.0035679972276135737
-0.15367797695221347 -0.023703830549650026 -0.06001402173069572
0.0035679971268132845
-0.15367618647328107 -0.023703830549650026 -0.06001402173069572
0.003567997126782429
-0.15367585253104618 -0.023703830549650026 -0.06001402173069572
0.0035679971267834616
-0.153676520415516 -0.023703830549650026 -0.06001402173069572
0.0035679971267835765
-0.15367618647328107 -2.3606797749978985 -0.06001402173069572
8.085895617646736
-0.15367618647328107 2.360679774997895 -0.06001402173069572
0.15699008609463522
-0.15367618647328107 5.278640450004205 -0.06001402173069572
19.03978751986598
-0.15367618647328107 0.787011907036943 -0.06001402173069572
0.00629576390696665
-0.15367618647328107 1.4889442034480027 -0.06001402173069572
0.010981031573295203
-0.15367618647328107 1.1053201132272914 -0.06001402173069572
0.008243504513051031
-0.15367618647328107 -0.4152993293950394 -0.06001402173069572
0.004379588920102324
-0.15367618647328107 -0.08191358762625972 -0.06001402173069572
0.0035723938231915753
-0.15367618647328107 0.013395275578496697 -0.06001402173069572
0.0035835586664187914
-0.15367618647328107 -0.044151202020413685 -0.06001402173069572
0.003565455206691147
-0.15367618647328107 -0.04546135592013407 -0.06001402173069572
0.0035654414052038444
-0.15367618647328107 -0.045794543579345634 -0.06001402173069572
0.0035654407794526114
-0.15367618647328107 -0.0458062223702843 -0.06001402173069572
0.0035654407787456058
-0.15367618647328107 -0.045805888709119516 -0.06001402173069572
0.003565440778745851
-0.15367618647328107 -0.04580655603144908 -0.06001402173069572
0.0035654407787465365
-0.15367618647328107 -0.0458062223702843 -2.3606797749978976
0.05742388102304387
-0.15367618647328107 -0.0458062223702843 2.360679774997896
0.0104532355094706
-0.15367618647328107 -0.0458062223702843 5.278640450004205
8.824130874944005
-0.15367618647328107 -0.0458062223702843 0.012539446539763667
0.0035879228913155417
-0.15367618647328107 -0.0458062223702843 0.9170907655455184
0.005012681551209811
-0.15367618647328107 -0.0458062223702843 -0.3781914637443998
0.0036870098160895447
-0.15367618647328107 -0.0458062223702843 -0.09301449012922705
0.0035609740055045653
-0.15367618647328107 -0.0458062223702843 -0.11177207952024265
0.00356008871474584
-0.15367618647328107 -0.0458062223702843 -0.1164891464718884
0.0035600572361837385
-0.15367618647328107 -0.0458062223702843 -0.11606351464003165
0.0035600569062420482
-0.15367618647328107 -0.0458062223702843 -0.1160530216877751
0.0035600569060589343
-0.15367618647328107 -0.0458062223702843 -0.11605335585230112
0.0035600569060588753
-0.15367618647328107 -0.0458062223702843 -0.1160536900168321
0.0035600569060592058
-0.11262405118662325 -0.06790861419091856 -0.1720926899739065
0.0035373607584641828
-1.9680300711210665 0.9310384698669173 2.3606797749978976
0.0059310111019499415
1.4906457682953613 -0.9311060458700774 -2.360679774997896
0.004202747735255318
3.6282249931227875 -2.0819746485597537 -5.278640450004206
0.012953060125656696
0.06570977157954994 -0.16392320632178276 -0.4155321264220454
0.003457439767995089
0.25813113821910255 -0.2675225053699751 -0.678202147894824
0.003407084568483526
0.3674280560111699 -0.326367758727918 -0.82740087901666
0.0033961612360092525
0.40599188134093955 -0.34713044918456004 -0.8800434779356147
0.0033955113541884853
0.4017043981547417 -0.3448220763643885 -0.8741907323686819
0.0033954993275972086
0.40140254836596767 -0.3446595610102937 -0.8737786841025071
0.003395499279218136
0.4014144145904991 -0.34466594976308806 -0.8737948824151317
0.0033954992791383424
0.4014143197479494 -0.344665898700039 -0.8737947529477289
0.003395499279138318
0.4014141512630778 -0.3446658079881036 -0.8737945229528713
0.0033954992791383623
0.40141429783058147 -0.34466588689976974 -0.8737947230288297
0.0033954992791383025
0.40141424184677676 -0.3446658567581954 -0.8737946466066139
0.00339549927913837
0.401414275913214 -0.3446658750995006 -0.8737946931099309
0.0033954992791382964
0.401414275913214 -0.3446658750995006 -2.3606797749978985
0.010644390691404056
0.401414275913214 -0.3446658750995006 2.360679774997895
0.019148156662716548
0.401414275913214 -0.3446658750995006 -5.278640450004206
21.606408969315208
0.401414275913214 -0.3446658750995006 -0.0009293388996715057
0.0045197495667454
0.401414275913214 -0.3446658750995006 -0.48373385490858484
0.0036283666243633944
0.401414275913214 -0.3446658750995006 -0.6324203154419632
0.003478376772953341
0.401414275913214 -0.3446658750995006 -1.2925566876138062
0.003826001163518302
0.401414275913214 -0.3446658750995006 -0.8237843299689953
0.0033948365747080026
0.401414275913214 -0.3446658750995006 -0.8578171246121258
0.0033942172601846583
0.401414275913214 -0.3446658750995006 -0.8457028913891367
0.003393918522462354
0.401414275913214 -0.3446658750995006 -0.8454540957356006
0.0033939184323185452
0.401414275913214 -0.3446658750995006 -0.8454863166561104
0.0033939184303179654
0.401414275913214 -0.3446658750995006 -0.8454859829028959
0.0033939184303178544
0.401414275913214 -0.3446658750995006 -0.8454856491496766
0.003393918430318148
0.401414275913214 -2.360679774997897 -0.8454859829028959
3.252298351395612
0.401414275913214 2.3606797749978963 -0.8454859829028959
0.3225313904154219
0.401414275913214 5.278640450004206 -0.8454859829028959
20.024323889042225
0.401414275913214 0.32149891686504645 -0.8454859829028959
0.005400387902113408
0.401414275913214 1.0723389892665285 -0.8454859829028959
0.0102634194831103
0.401414275913214 0.6689258115185239 -0.8454859829028959
0.007457963215738947
0.401414275913214 -0.703002179525867 -0.8454859829028959
0.004224126960565782
0.401414275913214 -0.35571684515763524 -0.8454859829028959
0.0033948454540206003
0.401414275913214 -0.3006959303035848 -0.8454859829028959
0.0034041073603442583
0.401414275913214 -0.3414528303931236 -0.8454859829028959
0.003393915135609397
0.401414275913214 -0.34289407316609377 -0.8454859829028959
0.0033939018375002033
0.401414275913214 -0.34296805535807084 -0.8454859829028959
0.003393901803187291
0.401414275913214 -0.3429711622835903 -0.8454859829028959
0.0033939018031321207
0.401414275913214 -0.3429708289251203 -0.8454859829028959
0.0033939018031327456
0.401414275913214 -0.3429714956420603 -0.8454859829028959
0.003393901803132847
-1.9472922622333284 0.9215679856878933 2.3606797749978976
0.005868723636406717
1.5113835771831003 -0.9405765300491016 -2.3606797749978963
0.004204826520870366
3.648962802010527 -2.091445132738778 -5.278640450004206
0.012904309717432378
0.07784039467332676 -0.16875959798496712 -0.40378265329022195
0.0034539318742869947
0.26680344460253613 -0.27049694587183476 -0.6617318054519165
0.0034054293061236336
0.3769750895776996 -0.32981315068703915 -0.8121246067125281
0.003394511552215742
0.41594809746474215 -0.3507961442568778 -0.8653257714133509
0.003393857853399124
0.4116552413302924 -0.3484848786515522 -0.8594656913572325
0.0033938459787652194
0.41134686505510915 -0.34831884944954616 -0.8590447339332277
0.0033938459291307232
0.4113589157717241 -0.34832533753252853 -0.8590611840917901
0.0033938459290498765
0.41135873059406713 -0.34832523783322905 -0.8590609313099916
0.0033938459290499406
0.41135914639605586 -0.3483254617002316 -0.8590614989118084
0.003393845929049946
0.9763940180167293 -0.6508444526947728 -1.602069012331279
0.003582394004641584
0.4113589157717241 -0.34832533753252853 -2.360679774997899
0.010411291954346685
0.4113589157717241 -0.34832533753252853 2.3606797749978945
0.019615997673413387
0.4113589157717241 -0.34832533753252853 -5.278640450004207
21.321590574197558
0.4113589157717241 -0.34832533753252853 -0.0010193506157010201
0.004558662579821849
0.4113589157717241 -0.34832533753252853 -0.5196921729081874
0.003604053343136043
0.4113589157717241 -0.34832533753252853 -0.6524513553572264
0.00347499698843076
0.4113589157717241 -0.34832533753252853 -1.3049365511114448
0.00382062409740571
0.4113589157717241 -0.34832533753252853 -0.8402114716643805
0.003394679992633813
0.4113589157717241 -0.34832533753252853 -0.8722686655752692
0.0033940908686079124
0.4113589157717241 -0.34832533753252853 -0.8611738454500274
0.0033938389677260913
0.4113589157717241 -0.34832533753252853 -0.8609286756738683
0.003393838876683114
0.4113589157717241 -0.34832533753252853 -0.8609569816182729
0.0033938388751374162
0.4113589157717241 -0.34832533753252853 -0.8609566482568204
0.0033938388751373434
0.4113589157717241 -0.34832533753252853 -0.8609563148953728
0.003393838875137608
0.4113589157717241 -2.3606797749978976 -0.8609566482568204
3.203522920002933
0.4113589157717241 2.360679774997896 -0.8609566482568204
0.3249612612431456
0.4113589157717241 5.278640450004206 -0.8609566482568204
20.037275174576102
0.4113589157717241 0.31619038467144384 -0.8609566482568204
0.005397831693567704
0.4113589157717241 1.0653209255051401 -0.8609566482568204
0.010250135954093915
0.4113589157717241 0.6627555896383388 -0.8609566482568204
0.0074507899738760165
0.4113589157717241 -0.7062830328518865 -0.8609566482568204
0.004220493228566587
0.4113589157717241 -0.3602083588824206 -0.8609566482568204
0.0033948138251142113
0.4113589157717241 -0.30513682523487395 -0.8609566482568204
0.00340396145943823
0.4113589157717241 -0.34572776962282353 -0.8609566482568204
0.003393844610076646
0.4113589157717241 -0.3471388646306138 -0.8609566482568204
0.003393831792192402
0.4113589157717241 -0.3472141998337711 -0.8609566482568204
0.003393831756601062
0.4113589157717241 -0.3472173075188942 -0.8609566482568204
0.0033938317565457526
0.4113589157717241 -0.3472169741691261 -0.8609566482568204
0.003393831756546311
0.4113589157717241 -0.34721764086866225 -0.8609566482568204
0.003393831756546449
-1.948680802132197 0.923423602950987 2.360679774997899
0.0058702168099177285
1.5099950372842317 -0.9387209127860079 -2.360679774997895
0.004203577596980354
3.6475742621116582 -2.0895895154756845 -5.278640450004205
0.01289889420554515
0.07701462918951674 -0.1672069774001559 -0.40455088381612025
0.003453992191552921
0.26630769548833844 -0.2691220054748496 -0.6629505338014521
0.0034053961965181383
0.3763778315955594 -0.32838355810797215 -0.8132047676202676
0.0033944965224347494
0.4153332932060954 -0.34935710479580007 -0.8663819802989879
0.003393843463280264
0.41104086325270806 -0.34704606864555065 -0.8605224820129234
0.0033938315927537566
0.41073289166830096 -0.34688025732829136 -0.8601020770230724
0.0033938315432518315
0.4107449337929986 -0.34688674078540177 -0.8601185154530043
0.003393831543171072
0.4107447487537377 -0.3468866411606144 -0.860118262860127
0.0033938315431711052
0.41074511883225956 -0.3468868404101891 -0.8601187680458816
0.00339383154317111
0.41013095181427306 -0.345448144038275 -0.8611758468142185
0.0033938171788892336
1.2702162445400464 -2.360679774997898 0.6199672238761361
0.0034351732623435728
-0.7448235395904156 2.3606797749978954 -2.8501098006612544
0.003404927462246797
-1.9901866148662921 5.278640450004205 -4.9947353454054655
0.0035021033768415522
-0.00030139039671200907 0.6162195479776336 -1.5679767010951169
0.003389042393360508
0.0003493467514167903 0.6146948316553793 -1.5668560740759787
0.0033890423411119704
0.0014313910750423098 0.6121595366497414 -1.5649926978903
0.003389042307780776
0.0014296621660096487 0.6121635875877112 -1.5649956752248215
0.0033890423077806778
0.0014295343666820837 0.6121638870292312 -1.5649958953065854
0.003389042307780703
0.0014303190217537787 0.6121620485351502 -1.564994544061038
0.0033890423077807025
0.0014299130625782253 0.6121629997219433 -1.564995243158703
0.0033890423077806878
0.0014297579999711374 0.6121633630429688 -1.5649955101902497
0.0033890423077806734
0.0014297513554965002 0.6121633786113729 -1.5649955216326237
0.003389042307780701
0.0014297642757569728 0.6121633483384248 -1.5649954993827904
0.003389042307780716
0.0014297579999711374 0.6121633630429688 -2.360679774997897
0.004755373442768275
0.0014297579999711374 0.6121633630429688 2.3606797749978963
0.5165885484716748
0.0014297579999711374 0.6121633630429688 -5.278640450004206
7.396675124737246
0.0014297579999711374 0.6121633630429688 -0.15675078216471006
0.0061680087490491595
0.0014297579999711374 0.6121633630429688 -1.266201695204028
0.0035802178569095
0.0014297579999711374 0.6121633630429688 -1.4660770130070113
0.003418080261547691
0.0014297579999711374 0.6121633630429688 -1.558641198015422
0.0033898069833326974
0.0014297579999711374 0.6121633630429688 -1.6006680236898203
0.0033876512078794213
0.0014297579999711374 0.6121633630429688 -1.593236902887819
0.003387531341047304
0.0014297579999711374 0.6121633630429688 -1.5928142581039235
0.0033875310469027855
0.0014297579999711374 0.6121633630429688 -1.5928485113868174
0.003387531044646456
0.0014297579999711374 0.6121633630429688 -1.5928481758792472
0.0033875310446462525
0.0014297579999711374 0.6121633630429688 -1.592847842132792
0.0033875310446465
-2.8947639038804307 2.1714685406258445 2.3606797749978985
0.007047986258029031
0.5639119355359979 0.3093240248888493 -2.3606797749978954
0.0035938069548002802
2.7014911603634246 -0.8415445778008273 -5.278640450004206
0.009755636886008803
-0.44544170778746606 0.8527581131412701 -0.9828341240934279
0.003490773096143095
-0.054331952389300775 0.6421853622156398 -1.5167291360807937
0.003388656845664478
-0.02765159040272334 0.6278207058968893 -1.553149890066205
0.0033876746230568563
-0.00670256183507697 0.616541788626677 -1.5817469314436592
0.003387473121548785
-0.008754249694804357 0.6176464134812109 -1.57894621911331
0.00338747056989951
-0.008810230783290893 0.6176765535931352 -1.5788698006054716
0.0033874705682858403
-0.008807244860892002 0.6176749459781757 -1.578873876620076
0.003387470568280765
-0.00880743004288542 0.61767504567981 -1.578873623832358
0.0033874705682808573
-0.008806755785766947 0.6176746826610555 -1.578874544245381
0.0033874705682808894
-0.008807058050817284 0.6176748453999856 -1.5788741316302508
0.003387470568280802
1.2623315426997626 -2.360679774997898 0.610139728198636
0.0034429473660186408
-0.7527082414306996 2.3606797749978954 -2.859937296338755
0.0033984003498909784
-1.9980713167065767 5.278640450004205 -5.004562841082966
0.003488216161141807
-0.12765964423184964 0.8961532744108485 -1.783548237700383
0.003387071547134856
-0.12708520411799684 0.894807326634135 -1.78255900093357
0.0033870715122622424
-0.12632116616353106 0.8930171397002166 -1.7812432598883825
0.0033870714954271682
-0.12632187721329657 0.8930188057326331 -1.781244484379072
0.0033870714954271305
-0.12632243859563042 0.8930201210852449 -1.7812454511291849
0.0033870714954271925
-0.1263217281253051 0.8930184564104917 -1.7812442276363427
0.0033870714954272315
-0.12632209164226743 0.8930193081526236 -1.7812448536447563
0.0033870714954271674
-0.6633886882195917 2.1329243522506682 -2.70237045330514
0.003392127084264716
-0.12632187721329657 0.8930188057326331 -2.360679774997897
0.004112006169977402
-0.12632187721329657 0.8930188057326331 2.3606797749978963
1.1004906079047643
-0.12632187721329657 0.8930188057326331 -5.278640450004206
4.76409152897857
-0.12632187721329657 0.8930188057326331 -0.4759836875123631
0.0057775325875938114
-0.12632187721329657 0.8930188057326331 -1.423749873709605
0.0036254642480772936
-0.12632187721329657 0.8930188057326331 -1.7168165750608912
0.003397119326744325
-0.12632187721329657 0.8930188057326331 -1.7634636133720614
0.003388264489277401
-0.12632187721329657 0.8930188057326331 -1.794851861194507
0.003386988103752561
-0.12632187721329657 0.8930188057326331 -1.7897947056014096
0.0033869345663276175
-0.12632187721329657 0.8930188057326331 -1.7896037871693526
0.0033869345079061
-0.12632187721329657 0.8930188057326331 -1.7896211408027807
0.0033869345073237645
-0.12632187721329657 0.8930188057326331 -1.7896208073452013
0.003386934507323808
-0.12632187721329657 0.8930188057326331 -1.7896214742603598
0.003386934507324058
-3.166663404221227 2.529932920656024 2.360679774997899
0.007438568224526309
0.29201243519520165 0.6677884049190288 -2.3606797749978954
0.003496817153783643
2.4295916600226284 -0.4830801977706478 -5.278640450004205
0.008992934646223524
-0.5779707645046197 1.136185710512631 -1.1730855398203959
0.003496213369052063
-0.14376689582400404 0.902411170684169 -1.765807343545789
0.0033870427469711393
-0.14357895387576697 0.9023099830954976 -1.7660638988153061
0.003387039708347658
-0.1287464195033785 0.8943241747056937 -1.7863114533885422
0.003386928478996745
0.031969161924000705 0.8077952103148093 -2.0057006301820843
0.003402440061613811
-0.129665951174221 0.8948192488142274 -1.785056221664835
0.0033869279756173053
-0.12967946273766043 0.8948265234143709 -1.7850377773375714
0.003386927975526727
-0.12967849073885704 0.8948260000920576 -1.7850391041909819
0.00338692797552622
-0.1296786758187978 0.8948260997387468 -1.7850388515425735
0.00338692797552617
-0.1296788608987413 0.8948261993854376 -1.7850385988941615
0.0033869279755262835
1.2597460832149905 -2.360679774997898 0.6076736753354521
0.0034458997560666647
-0.7552937009154718 2.3606797749978954 -2.862403349201939
0.003396990562390486
-2.0006567761913487 5.278640450004206 -5.00702889394615
0.0034845460211001744
-0.16614474843641142 0.9802683036892288 -1.8478366591898792
0.0033868919338650187
-0.1656284471662369 0.9790585787240885 -1.8469475426625124
0.0033868919059958126
-0.16495521235945249 0.9774811490329062 -1.8457881726820582
0.0033868918928742463
-0.16495570878101629 0.9774823121785222 -1.8457890275639701
0.0033868918928742888
-0.16495397649915655 0.9774782533378154 -1.8457860444211414
0.003386891892874341
-0.16495500315020856 0.9774806588430501 -1.845787812405206
0.0033868918928743087
-0.16495538193321718 0.9774815463544477 -1.845788464703104
0.0033868918928742454
-0.16495551889484722 0.977481867263794 -1.8457887005631646
0.0033868918928742844
-0.2035888866531378 1.0619442869762623 -1.910332445027136
0.0033869045872809197
1.3619293747640322 -2.360679774997897 0.7051377432035684
0.003534844424658559
-0.7976342993052266 2.3606797749978963 -2.902788493313833
0.003411783790317927
-2.1323180507496287 5.278640450004206 -5.13260953638408
0.0036482673296205446
-0.14301077957916977 0.9295050226060587 -1.8091261946650454
0.0033869703575930016
-0.16973637398123026 0.9879340200348402 -1.853775942383771
0.00338688302527956
-0.1812907070875239 1.013194752844093 -1.8730794628403395
0.003386873760465989
-0.18173738383811808 1.0141713026756638 -1.8738257139405325
0.0033868737479809817
-0.18173076610511568 1.0141568346156176 -1.8738146578680435
0.0033868737479780765
-0.18173067254863642 1.0141566300771814 -1.873814501565694
0.0033868737479781537
-0.18173290962024355 1.0141615208889334 -1.8738182389823959
0.0033868737479784182
-0.18173158485503912 1.0141586246127436 -1.8738160257320085
0.003386873747978119
-0.18173114848140723 1.0141576705881696 -1.8738152966940578
0.0033868737479781303
-0.18173091215986256 1.0141571539287189 -1.873814901877868
0.0033868737479780826
-0.18173082189306478 1.0141569565823694 -1.8738147510715029
0.003386873747978068
-0.18173083501971968 1.0141569852806005 -1.87381477300186
0.0033868737479781073
-0.1817308087664099 1.0141569278841382 -1.8738147291411458
0.003386873747978078
1.2586234250282726 -2.360679774997897 0.6066028658905391
0.0034472702067699862
-0.7564163591021897 2.3606797749978963 -2.8634741586468517
0.003396459379275192
-2.001779434378067 5.278640450004207 -5.008099703391063
0.0034830284368040187
-0.18283819285359673 1.0167515934233247 -1.8757217419696701
0.003386873784424845
-0.1823519540482771 1.0156123066235532 -1.8748843956700754
0.003386873759651701
-0.1817173419108282 1.014125372172291 -1.8737915373478737
0.003386873747973143
-0.18171776188118158 1.0141263561881173 -1.8737922605740283
0.0033868737479731915
-0.18171554641875728 1.014121165226253 -1.8737884453514615
0.00338687374797327
-0.18171665609388363 1.0141237652618933 -1.8737903563103375
0.0033868737479731464
-0.18171702217264804 1.0141246230064818 -1.8737909867304015
0.0033868737479732314
-0.1817175023252289 1.0141257480328911 -1.8737918135956833
0.0033868737479731616
-0.18171720547223633 1.0141250524884544 -1.8737913023885313
0.0033868737479731924
-3.2837186755574774 2.6842370101087276 2.360679774997898
0.007614903473496404
0.17495716385895085 0.8220924943717329 -2.360679774997896
0.0034649129940808525
2.3125363886863775 -0.32877610831794346 -5.278640450004206
0.008681989306239576
-0.6321477132849862 1.2566362302922842 -1.258919304668689
0.0034974035384950017
-0.18257136071530186 1.0145851742777565 -1.872625735744721
0.0033868741331423164
-0.1935933762905698 1.020519406570343 -1.8575798335229983
0.003386954996119032
-0.1820900045382348 1.014326013024474 -1.8732828240898167
0.003386873811866712
-0.18175505467999586 1.014145676655723 -1.8737400565063222
0.0033868737471019804
-0.18175606251661788 1.01414621927305 -1.8737386807315226
0.003386873747101325
-0.18175624754734634 1.0141463188932434 -1.873738428150293
0.0033868737471013234
-0.18175643257807753 1.0141464185134383 -1.8737381755690594
0.00338687374710144
1.3618990833996159 -2.360679774997898 0.7052059371108181
0.0035348419979588652
-0.7976645906696429 2.3606797749978963 -2.9027202994065835
0.003411784185294534
-2.132348342114045 5.278640450004206 -5.132541342476829
0.0036482670489360195
-0.1430346137778825 0.9294909055872709 -1.80904721294087
0.003386970351225209
-0.16975944832309936 0.9879182417742891 -1.8536956911867501
0.0033868830240401234
-0.18131360811738167 1.0131785956790764 -1.8729989220954992
0.003386873759587978
-0.18176027160000083 1.0141551165034541 -1.8737451510292353
0.0033868737471038205
-0.18175365390505657 1.0141406485266127 -1.873734095020329
0.003386873747100912
-0.18175355628365966 1.0141404351012249 -1.8737339319268282
0.00338687374710089
-0.18158551103742965 1.0137730451336837 -1.8734531831533259
0.0033868737489231257
-0.18175017462704282 1.0141330419333576 -1.8737282822820518
0.003386873747101645
-0.1817527375223079 1.0141386450791137 -1.8737325640437703
0.0033868737471009465
-0.181753255329824 1.014139777139025 -1.8737334291311698
0.003386873747100969
-0.18175344132952348 1.0141401837820279 -1.8737337398759761
0.003386873747100893
-0.1817535101004934 1.0141403341329898 -1.873733854769827
0.0033868737471009604
-0.18175359357171525 1.014140516622469 -1.8737339942230022
0.0033868737471009144
-0.18175353864325985 1.0141403965347908 -1.8737339024554762
0.0033868737471009353
-0.18175357052642951 1.0141404662395694 -1.8737339557218493
0.0033868737471008776
-0.1817535793289454 1.0141404854841247 -1.8737339704279812
0.003386873747100958
-0.1817535649345765 1.014140454014346 -1.8737339463796876
0.0033868737471010168
   direc: array([[-0.40931518,  0.9590501 , -0.70487699],
       [ 0.55509046, -0.29885965, -0.75774134],
       [-0.01677544,  0.03667541, -0.02802629]])
     fun: 0.0033868737471008776
 message: 'Optimization terminated successfully.'
    nfev: 337
     nit: 7
  status: 0
 success: True
       x: array([-0.18175357,  1.01414047, -1.87373396])

