0.7 0.4
0.17079090805834463
0.3819660112501051 0.21826629214291723
0.304762277007193
0.6180339887498948 0.3531622792856542
0.19185547243978582
0.7639320225002102 0.43653258428583447
0.1576419369956525
0.8746998667271345 0.4998284952726484
0.13973548756423587
0.9225602588424775 0.52717729076713
0.13349387425547818
0.9521396078846569 0.5440797759340897
0.13001655120812672
0.9704206509578206 0.5545260862616118
0.12800307083866222
0.9817189569268365 0.5609822611010495
0.12680862821684766
0.9887016940309841 0.5649723965891338
0.1260891238367359
0.9930172628958523 0.5674384359404872
0.12565150529508878
0.9956844311351317 0.5689625320772183
0.12538372314530635
0.9973328317607206 0.5699044752918404
0.12521924247806648
0.9983515993744112 0.5704866282139494
0.12511797558830984
0.9989812323863094 0.5708464185064626
0.12505553726798202
0.9993703669881016 0.5710687811360581
0.12501700480782754
0.9996108653982079 0.571206208798976
0.12499321203378548
0.9997595015898938 0.5712911437656537
0.12497851553931777
0.9998513638083141 0.5713436364618938
0.12496943575682308
0.9999081377815797 0.5713760787323313
0.12496382534604006
0.9999432260267344 0.571396129158134
0.12496035838113989
0.9999649117548455 0.571408521002769
0.12495821585456746
0.999978314271889 0.5714161795839366
0.12495689176738768
0.9999865974829566 0.5714209128474038
0.12495607346212201
0.9999917167889324 0.5714238381651043
0.12495556773143718
0.9999948806940242 0.5714256461108711
0.12495525517642332
0.9999968360949082 0.5714267634828047
0.12495506200822853
0.9999980445991161 0.5714274540566379
0.1249549426242636
0.9999987914957921 0.5714278808547384
0.1249548688411255
0.9999992531033239 0.5714281446304709
0.12495482324071512
0.9999995908863653 0.5714283376493516
0.12495478987248324
0.9999995908863653 0.3819658549826019
0.12218553872510436
0.9999995908863653 0.6180337359037632
0.12623136640734303
0.9999995908863653 0.23606788092116138
0.1493057453888366
0.9999995908863653 0.48387777479536886
0.12325124967232348
0.9999995908863653 0.3279342395199014
0.12240395122244035
0.9999995908863653 0.3766877832124077
0.12216596433245971
0.9999995908863653 0.367663152254106
0.12214774197452305
0.9999995908863653 0.35248805792571836
0.12216572770463023
0.9999995908863653 0.3645509981712249
0.12214616168089926
0.9999995908863653 0.364298051759682
0.12214623399563238
0.9999995908863653 0.3650305992921952
0.122145257273474
0.9999995908863653 0.3660361450464609
0.12214498855178196
0.9999995908863653 0.365655981927121
0.12214423389888919
0.9999995908863653 0.3655704733176331
0.12214425917620252
0.9999995908863653 0.36564340663947664
0.12214423342429537
0.9999995908863653 0.3656455657317532
0.12214423339453953
0.9999995908863653 0.36564590211720194
0.12214423339401335
0.9999995908863653 0.36564623850264566
0.1221442333945992
1.2999991817727305 0.2078224607789225
2.1959206211900573
0.3819660112501051 0.13966436390024956
0.30433466611872356
0.6180339887498948 0.2259816878077376
0.19092174886469784
0.7639320225002102 0.2793287278004991
0.15616097787708388
0.8788768814681583 0.32135786164626073
0.13710394184143218
0.9251417959239396 0.338274444949625
0.13086320122267134
0.9537350855442187 0.348729468404623
0.1273442132884917
0.9714067103797208 0.35519102825298915
0.12528762011141695
0.9823283751644979 0.35918449185962104
0.12406139058806445
0.9890783352152229 0.3616525881013553
0.12331918183034431
0.993250039949275 0.3631779554662529
0.12286744460762829
0.995828295265948 0.36412068434308953
0.1225914393159299
0.997421744683327 0.3647033228311506
0.1224207203727459
0.998406550582621 0.36506341321992614
0.1223148249891449
0.999015194100706 0.36528596131921165
0.12224944777159696
0.9993913564819149 0.36542350360870174
0.12220914297306622
0.9996238376187911 0.3655085094184971
0.1221842869932423
0.9997675188631238 0.3655610458981918
0.1221689509801506
0.9998563187556673 0.3655935152282924
0.12215948459616448
0.9999112001074565 0.36561358237788655
0.12215363911150699
0.9999451186482108 0.36562598455839307
0.1221500284767917
0.9999660814592457 0.3656336495274807
0.12214779780714796
0.9999790371889651 0.3656383867388996
0.1221464195006079
0.9999870442702806 0.36564131449656834
0.12214556778559452
0.9999919929186843 0.36564312395031845
0.12214504144505753
0.9999950513515963 0.3656442422542371
0.12214471616726394
0.9999969415670881 0.36564493340406856
0.1221445151416429
0.9999981097845081 0.3656453605581557
0.12214439090369697
0.99999883178258 0.36564562455390004
0.12214431412146418
0.9999992780019282 0.36564578771224293
0.12214426666783193
0.9999996113352662 0.36564590959426185
0.12214423121937314
0.9999996113352662 0.381965862793387
0.12218553655854841
0.9999996113352662 0.6180337485418791
0.1262313644871721
0.9999996113352662 0.23606788574849205
0.14930579628641552
0.9999996113352662 0.48387781267306373
0.12325124797392231
0.9999996113352662 0.32793425415889293
0.12240394860085214
0.9999996113352662 0.376687764734367
0.12216596210092373
0.9999996113352662 0.367663153043511
0.1221477397983731
0.9999996113352662 0.3524880640051947
0.12216572556181672
0.9999996113352662 0.3645510058248456
0.12214615950262417
0.9999996113352662 0.36429805403759175
0.12214623182580844
0.9999996113352662 0.36503063968625066
0.12214525500241458
0.9999996113352662 0.366036170312886
0.12214498636239335
0.9999996113352662 0.3656559700434444
0.12214423172302823
0.9999996113352662 0.365570497381135
0.12214425698599193
0.9999996113352662 0.36564341197401184
0.1221442312495283
0.9999996113352662 0.3656455664083008
0.12214423121989716
0.9999996113352662 0.36564589974150974
0.12214423121937155
0.9999996113352662 0.36564623307471367
0.12214423121993975
   direc: array([[1., 0.],
       [0., 1.]])
     fun: 0.12214423121937155
 message: 'Optimization terminated successfully.'
    nfev: 98
     nit: 2
  status: 0
 success: True
       x: array([0.99999961, 0.36564604])

