0.0 0.0 0.0
5.52273614604703e-05
-2.360679774997898 0.0 0.0
0.00020431610349293459
2.3606797749978954 0.0 0.0
3925.916093321486
-5.278640450004206 0.0 0.0
0.0004313605108944692
-3.819659755078347 0.0 0.0
0.00031447615348480397
-0.5572809000084136 0.0 0.0
8.464832175989525e-05
0.5572809000084105 0.0 0.0
3.514763993366186e-05
1.246117974981071 0.0 0.0
352.6441428779929
0.13155617496424687 0.0 0.0
4.932875106941664e-05
0.8203932499369071 0.0 0.0
3.3825212401889793e-05
0.7500396697312762 0.0 0.0
3.317605072774745e-05
0.7228232003130797 0.0 0.0
3.316649894596143e-05
0.7345025191108223 0.0 0.0
3.3156183783038944e-05
0.7342222896765639 0.0 0.0
3.315618329337498e-05
0.7343511503758924 0.0 0.0
3.315618197938901e-05
0.7343514946014135 0.0 0.0
3.3156181979387714e-05
0.7343518388269397 0.0 0.0
3.315618197940512e-05
0.7343514946014135 -2.360679774997898 0.0
0.00014354429544975711
0.7343514946014135 2.3606797749978954 0.0
1361.9990116606261
0.7343514946014135 -5.278640450004206 0.0
0.0003412786931018299
0.7343514946014135 -3.8196592152422317 0.0
0.00023894339598064384
0.7343514946014135 -0.5572809000084136 0.0
4.7006399096912694e-05
0.7343514946014135 0.5572809000084105 0.0
359.5565043164333
0.7343514946014135 -1.246117974981074 0.0
7.906214215723052e-05
0.7343514946014135 -0.13155617496424998 0.0
3.449625051126052e-05
0.7343514946014135 0.1315561749642467 0.0
3.425148181593109e-05
0.7343514946014135 0.011260008416889122 0.0
3.3135282519776915e-05
0.7343514946014135 0.006506943875811915 0.0
3.314196542519725e-05
0.7343514946014135 0.017111149135432477 0.0
3.31314514809117e-05
0.7343514946014135 0.01880649765314785 0.0
3.313126381593023e-05
0.7343514946014135 0.01872652956165998 0.0
3.313126325496284e-05
0.7343514946014135 0.018718379127758263 0.0
3.313126325024343e-05
0.7343514946014135 0.018718712738730027 0.0
3.3131263250246185e-05
0.7343514946014135 0.018718045516786498 0.0
3.3131263250256966e-05
0.7343514946014135 0.018718379127758263 -2.360679774997898
0.00012726812317941043
0.7343514946014135 0.018718379127758263 2.3606797749978954
1664.1403329301233
0.7343514946014135 0.018718379127758263 -5.278640450004206
0.0002968367005114113
0.7343514946014135 0.018718379127758263 -3.819659482751668
0.00020909593892812835
0.7343514946014135 0.018718379127758263 -0.5572809000084136
4.4980521282279325e-05
0.7343514946014135 0.018718379127758263 0.5572809000084105
196.45825915995374
0.7343514946014135 0.018718379127758263 -1.246117974981074
7.213734451555006e-05
0.7343514946014135 0.018718379127758263 -0.13155617496424998
3.4403149286584684e-05
0.7343514946014135 0.018718379127758263 0.1315561749642467
3.362780930487354e-05
0.7343514946014135 0.018718379127758263 0.04634659668978004
3.3057636205844726e-05
0.7343514946014135 0.018718379127758263 0.02719610632888756
3.305983446801363e-05
0.7343514946014135 0.018718379127758263 0.03765138390784937
3.305346720965703e-05
0.7343514946014135 0.018718379127758263 0.03778115697496108
3.305346537413559e-05
0.7343514946014135 0.018718379127758263 0.03783899087452879
3.305346517437206e-05
0.7343514946014135 0.018718379127758263 0.03784038317239115
3.305346517426277e-05
0.7343514946014135 0.018718379127758263 0.03784004927779423
3.305346517426885e-05
0.7343514946014135 0.018718379127758263 0.037840717066988064
3.30534651742694e-05
1.468702989202827 0.037436758255516525 0.0756807663447823
895.9875099319415
-2.360679774997899 0.018718379127758263 0.03784038317239115
0.00020087034866441314
2.3606797749978945 0.018718379127758263 0.03784038317239115
3762.810141767646
-5.278640450004207 0.018718379127758263 0.03784038317239115
0.00042752499467152416
-3.8196597402253767 0.018718379127758263 0.03784038317239115
0.00031079442236059813
-0.5572809000084143 0.018718379127758263 0.03784038317239115
8.184454316380939e-05
0.5572809000084097 0.018718379127758263 0.03784038317239115
3.4061149084592475e-05
1.24611797498107 0.018718379127758263 0.03784038317239115
433.19938718508206
0.1315561749642461 0.018718379127758263 0.03784038317239115
4.7197786505056045e-05
0.8203932499369064 0.018718379127758263 0.03784038317239115
3.456166147522328e-05
0.6688373384146793 0.018718379127758263 0.03784038317239115
3.292092928258638e-05
0.6769466872197726 0.018718379127758263 0.03784038317239115
3.289987812701894e-05
0.6932617003015145 0.018718379127758263 0.03784038317239115
3.288767769475796e-05
0.6900456355895023 0.018718379127758263 0.03784038317239115
3.288679891057711e-05
0.6899009344056602 0.018718379127758263 0.03784038317239115
3.288679798128142e-05
0.6899328402839027 0.018718379127758263 0.03784038317239115
3.2886797901825926e-05
0.6899325062917343 0.018718379127758263 0.03784038317239115
3.2886797901824605e-05
0.6899321722995608 0.018718379127758263 0.03784038317239115
3.288679790184091e-05
0.6899325062917343 -2.360679774997898 0.03784038317239115
0.00014438067949853754
0.6899325062917343 2.3606797749978954 0.03784038317239115
2943.0754452220426
0.6899325062917343 -5.278640450004206 0.03784038317239115
0.0003423284232916054
0.6899325062917343 -3.819659696818788 0.03784038317239115
0.00023990902594463244
0.6899325062917343 -0.5572809000084136 0.03784038317239115
4.7413357353208183e-05
0.6899325062917343 0.5572809000084105 0.03784038317239115
329.20451583425165
0.6899325062917343 -1.246117974981074 0.03784038317239115
7.971598812011586e-05
0.6899325062917343 -0.13155617496425004 0.03784038317239115
3.4528810852316076e-05
0.6899325062917343 0.13155617496424665 0.03784038317239115
3.3650978238665526e-05
0.6899325062917343 0.042671974779610926 0.03784038317239115
3.28696567869279e-05
0.6899325062917343 0.02396719445083427 0.03784038317239115
3.287607635246435e-05
0.6899325062917343 0.03534098314573307 0.03784038317239115
3.286611578694048e-05
0.6899325062917343 0.0356818637410104 0.03784038317239115
3.2866104414590696e-05
0.6899325062917343 0.03573722813951719 0.03784038317239115
3.286610417184478e-05
0.6899325062917343 0.03573952370097812 0.03784038317239115
3.286610417146499e-05
0.6899325062917343 0.03573919011518041 0.03784038317239115
3.28661041714723e-05
0.6899325062917343 0.035739857286775825 0.03784038317239115
3.2866104171473985e-05
0.6899325062917343 0.03573952370097812 -2.3606797749978976
0.00012891701821761035
0.6899325062917343 0.03573952370097812 2.360679774997896
2396.3867741135764
0.6899325062917343 0.03573952370097812 -5.278640450004206
0.0002988339778507823
0.6899325062917343 0.03573952370097812 -3.8196596742810986
0.00021095933655187611
0.6899325062917343 0.03573952370097812 -0.5572809000084132
4.588063350062831e-05
0.6899325062917343 0.03573952370097812 0.5572809000084108
141.64521786748426
0.6899325062917343 0.03573952370097812 -1.2461179749810736
7.346832833204562e-05
0.6899325062917343 0.03573952370097812 -0.13155617496424965
3.469515313526588e-05
0.6899325062917343 0.03573952370097812 0.13155617496424704
3.302045119275218e-05
0.6899325062917343 0.03573952370097812 0.11011164533933329
3.28879374734785e-05
0.6899325062917343 0.03573952370097812 0.061310842026870045
3.28081084196748e-05
0.6899325062917343 0.03573952370097812 -0.012357803154934184
3.317043945627365e-05
0.6899325062917343 0.03573952370097812 0.07306605028437087
3.2801436874447114e-05
0.6899325062917343 0.03573952370097812 0.07195954524503584
3.280139985941711e-05
0.6899325062917343 0.03573952370097812 0.07221643547009818
3.28013959577102e-05
0.6899325062917343 0.03573952370097812 0.0722206386772384
3.280139595662842e-05
0.6899325062917343 0.03573952370097812 0.07222097252051332
3.280139595662913e-05
0.6899325062917343 0.03573952370097812 0.07222030483396347
3.2801395956640434e-05
0.6455135179820551 0.052760668274197974 0.10660089418208564
3.2572905150280086e-05
2.360679774997898 -0.6044828651498503 -1.2209361883463727
8.368099780738809e-05
-2.3606797749978954 1.2047196075034736 2.4333916979043626
0.00012605679847709918
5.278640450004207 -1.7226314857799565 -3.4794350280858866
3560.3970376442094
2.809678256721071e-08 0.3001183604102591 0.6062277330321125
3.1539211762606606e-05
0.3410477423033401 0.16943050211405758 0.34225712046391593
3.158737398363158e-05
0.1640260246060503 0.23726438046622855 0.4792717647847001
3.143397512768781e-05
0.15455645056073308 0.24089307609856542 0.4866012062598256
3.143374691460903e-05
0.15649355419623023 0.24015078721969146 0.4851018898534398
3.143372946748377e-05
0.15654963029298974 0.24012929912673014 0.48505848700687193
3.143372945315574e-05
0.15655068953829798 0.2401288932289775 0.4850576671519918
3.1433729453150886e-05
0.15655066682063767 0.24012890193427666 0.48505768473543964
3.1433729453150886e-05
0.15655064410297703 0.24012891063957592 0.4850577023188878
3.1433729453150886e-05
0.15655025686201995 0.24012905902846465 0.4850580020430272
3.143372945315168e-05
0.1565504961900933 0.24012896731908784 0.4850578168033218
3.1433729453151036e-05
0.15655058760528273 0.240128932289223 0.4850577460480504
3.1433729453150914e-05
0.15655062138531606 0.2401289193448753 0.48505771990233615
3.14337294531509e-05
0.15655064410297703 0.24012891063957592 -2.360679774997897
0.00014962627527826574
0.15655064410297703 0.24012891063957592 2.3606797749978963
1686.426787652411
0.15655064410297703 0.24012891063957592 -5.278640450004205
0.0003232607762065097
0.15655064410297703 0.24012891063957592 -3.8196594761733094
0.00023392813813326966
0.15655064410297703 0.24012891063957592 -0.5572809000084127
5.9542360506729415e-05
0.15655064410297703 0.24012891063957592 0.5572809000084114
3.202283005731824e-05
0.15655064410297703 0.24012891063957592 1.4260307812332593
684.9401963472876
0.15655064410297703 0.24012891063957592 0.13155617496424776
3.597894610350027e-05
0.15655064410297703 0.24012891063957592 0.5522712671522786
3.1953467206158497e-05
0.15655064410297703 0.24012891063957592 0.4289001058574076
3.146976937445502e-05
0.15655064410297703 0.24012891063957592 0.31532483060472044
3.248493446413954e-05
0.15655064410297703 0.24012891063957592 0.4652291307528237
3.140407170214939e-05
0.15655064410297703 0.24012891063957592 0.46080222167303464
3.1404056687839454e-05
0.15655064410297703 0.24012891063957592 0.46298581659241567
3.140377243452415e-05
0.15655064410297703 0.24012891063957592 0.4629871948168323
3.1403772433830776e-05
0.15655064410297703 0.24012891063957592 0.4629907442044358
3.140377243308636e-05
0.15655064410297703 0.24012891063957592 0.4629904105437966
3.140377243309246e-05
0.15655064410297703 0.24012891063957592 0.462991077865075
3.1403772433093546e-05
0.15655064410297703 -2.3606797749978985 0.4629907442044358
0.00015645560988393158
0.15655064410297703 2.360679774997895 0.4629907442044358
1731.0356246852239
0.15655064410297703 -5.278640450004207 0.4629907442044358
0.00035697427078529
0.15655064410297703 -3.8196593965866366 0.4629907442044358
0.00025353006270250136
0.15655064410297703 -0.5572809000084142 0.4629907442044358
5.473453102722668e-05
0.15655064410297703 0.5572809000084098 0.4629907442044358
0.009273285856330773
0.15655064410297703 -1.2461179749810747 0.4629907442044358
8.968883997175351e-05
0.15655064410297703 -0.1315561749642506 0.4629907442044358
3.823246645160504e-05
0.15655064410297703 0.1315561749642461 0.4629907442044358
3.215304521753688e-05
0.15655064410297703 0.29416855007991305 0.4629907442044358
3.166212234838275e-05
0.15655064410297703 0.24485479662506193 0.4629907442044358
3.1406621146485196e-05
0.15655064410297703 0.23371853354694538 0.4629907442044358
3.1405364058609365e-05
0.15655064410297703 0.23861348020817352 0.4629907442044358
3.1403587391550714e-05
0.15655064410297703 0.23854636165738774 0.4629907442044358
3.140358729470129e-05
0.15655064410297703 0.23857036231609458 0.4629907442044358
3.140358725062481e-05
0.15655064410297703 0.2385706956725449 0.4629907442044358
3.140358725062954e-05
0.15655064410297703 0.23857002895964424 0.4629907442044358
3.140358725063698e-05
2.3606797749979 -0.6060414134733323 -1.243003146460826
7.884598814334126e-05
-2.3606797749978945 1.203161059179992 2.41132473978991
8.076212270644099e-05
5.278640450004208 -1.7241900341034384 -3.50150198620034
1197.6363563163518
3.776926049692264e-09 0.2985598214060309 0.5841607937412068
3.1473003327069145e-05
0.023397898002885664 0.28959385987731723 0.5660508454426186
3.144999336651464e-05
0.06629343075831869 0.27315649621011245 0.5328497431152391
3.141921081050556e-05
0.9426710309342221 -0.06266722245110312 -0.14546570168310385
3.458306805639737e-05
0.13433528840419434 0.2470831807184013 0.48018540878640203
3.140116025840136e-05
0.1328460096186477 0.24765386524957272 0.4813381091767863
3.140114538958189e-05
0.13238373411672721 0.2478310070182233 0.48169590998392886
3.1401144539309815e-05
0.13239450890365542 0.24782687817123625 0.4816875703089003
3.1401144538830794e-05
0.13239433075140797 0.24782694643832823 0.4816877081985736
3.140114453883082e-05
0.13239468705590285 0.2478268099041443 0.48168743241922696
3.140114453883101e-05
-0.42514348848442346 0.4599142326414944 0.8911545019405622
3.249894476048499e-05
0.13239450890365542 0.24782687817123625 -2.360679774997897
0.0001506959825188874
0.13239450890365542 0.24782687817123625 2.3606797749978963
1706.0375957485671
0.13239450890365542 0.24782687817123625 -5.278640450004205
0.0003244942655396107
0.13239450890365542 0.24782687817123625 -3.819659482894539
0.00023509637792480523
0.13239450890365542 0.24782687817123625 -0.5572809000084129
6.033198189255025e-05
0.13239450890365542 0.24782687817123625 0.5572809000084111
3.17861789664161e-05
0.13239450890365542 0.24782687817123625 1.525435072168685
763.5820244142074
0.13239450890365542 0.24782687817123625 0.13155617496424754
3.643197234898451e-05
0.13239450890365542 0.24782687817123625 0.6001177398905658
3.2430247597110654e-05
0.13239450890365542 0.24782687817123625 0.44294724310646405
3.148595257442922e-05
0.13239450890365542 0.24782687817123625 0.32400643886927194
3.262202663596168e-05
0.13239450890365542 0.24782687817123625 0.4834852635967933
3.140133839812241e-05
0.13239450890365542 0.24782687817123625 0.4795568987819721
3.1401413641503685e-05
0.13239450890365542 0.24782687817123625 0.481690610672179
3.14011445404811e-05
0.13239450890365542 0.24782687817123625 0.481681762680253
3.1401144538742526e-05
0.13239450890365542 0.24782687817123625 0.48168454335408284
3.1401144538282906e-05
0.13239450890365542 0.24782687817123625 0.4816842100207046
3.1401144538289343e-05
0.13239450890365542 0.24782687817123625 0.48168487668746107
3.140114453828969e-05
0.13239450890365542 -2.360679774997899 0.48168454335408284
0.00015705122492595092
0.13239450890365542 2.3606797749978945 0.48168454335408284
3561.575328170804
0.13239450890365542 -5.278640450004207 0.48168454335408284
0.0003576816606234022
0.13239450890365542 -3.819659764350554 0.48168454335408284
0.0002541924149450382
0.13239450890365542 -0.5572809000084142 0.48168454335408284
5.513933555860644e-05
0.13239450890365542 0.5572809000084098 0.48168454335408284
0.003366397254121807
0.13239450890365542 -1.2461179749810747 0.48168454335408284
9.019706600376092e-05
0.13239450890365542 -0.13155617496425068 0.48168454335408284
3.8509008858241824e-05
0.13239450890365542 0.13155617496424601 0.48168454335408284
3.226965690515617e-05
0.13239450890365542 0.29416855007991294 0.48168454335408284
3.158240152168816e-05
0.13239450890365542 0.2590272474052763 0.48168454335408284
3.141180547502452e-05
0.13239450890365542 0.2425254662669055 0.48168454335408284
3.1402847870228205e-05
0.13239450890365542 0.24752555906754112 0.48168454335408284
3.140112724703527e-05
0.13239450890365542 0.24725673433368855 0.48168454335408284
3.140112351541466e-05
0.13239450890365542 0.24729942049930684 0.48168454335408284
3.140112337201305e-05
0.13239450890365542 0.24730010957929666 0.48168454335408284
3.140112337197604e-05
0.13239450890365542 0.24730044292044323 0.48168454335408284
3.1401123371984097e-05
0.13239450890365542 0.24729977623815008 0.48168454335408284
3.140112337198489e-05
2.3606797749978994 -0.6065681820652717 -1.2430061734156432
7.8712721349384e-05
-2.360679774997895 1.2026342905880525 2.411321712835093
8.016192794744852e-05
5.2786404500042075 -1.7247168026953779 -3.501505013155157
1153.5517445439123
2.9657236666480458e-09 0.29803305312494016 0.5841577674142593
3.147264597121648e-05
0.017831416785535847 0.2912001403522331 0.5703562697560107
3.145476957645428e-05
0.06480196311374355 0.2732012509096896 0.5340011107256517
3.141985975976805e-05
0.9417492532367536 -0.06284077022352297 -0.1447552735601808
3.4572851999076325e-05
0.1341890286965352 0.24661245814921096 0.48029558670883954
3.140114020828108e-05
0.13264779757386064 0.247203050568311 0.48148849815968475
3.140112412113079e-05
0.132154835782232 0.247391951176895 0.48187005012642836
3.140112315543942e-05
0.13216632755682736 0.24738754758365178 0.48186115550361436
3.140112315489544e-05
0.13216614975948884 0.24738761571474435 0.4818612931185885
3.140112315489547e-05
0.1321665053541659 0.24738747945255923 0.4818610178886402
3.140112315489567e-05
   direc: array([[ 0.        ,  0.        ,  1.        ],
       [ 0.        ,  1.        ,  0.        ],
       [-0.53338186,  0.20438939,  0.41283706]])
     fun: 3.140112315489544e-05
 message: 'Optimization terminated successfully.'
    nfev: 219
     nit: 4
  status: 0
 success: True
       x: array([0.13216633, 0.24738755, 0.48186116])

