0.7 0.4
1008.7488960348666
0.3819660112501051 0.21826629214291723
1756.4437896868503
0.6180339887498948 0.3531622792856542
1140.9898180333812
0.7639320225002102 0.43653258428583447
928.8965243328092
0.931692852107715 0.532395915490123
851.1513798986487
0.9212049929001401 0.5264028530857945
850.5902143439778
0.9183095188708945 0.5247482964976541
850.367346832566
0.8593425623554067 0.4910528927745182
859.0944072994083
0.8957861456951153 0.5118777975400659
851.7359720002013
0.9097063558590446 0.5198322033480256
850.3412812659623
0.9137723571946107 0.5221556326826348
849.9734536546862
0.9139344217429909 0.5222482409959949
849.9884808189227
0.9127833376058405 0.521590478631909
849.9996851129466
0.9133945853272399 0.5219397630441371
849.9502462596513
0.9130535526789058 0.521744887245089
849.9779984776638
0.913428867144708 0.5219593526541189
849.9474328999972
0.913509946224903 0.5220056835570875
849.9488294436808
0.9134598365975659 0.5219770494843234
849.944887660831
0.913465065511875 0.5219800374353573
849.9445817026829
0.9134822084188123 0.5219898333821785
849.9462054434083
0.913466722512403 0.5219809842928018
849.944738717696
0.9134637654356076 0.521979294534633
849.9445645156004
0.9134641757543809 0.5219795290025034
849.944530763784
0.9134645122538997 0.5219797212879428
849.9445292735359
0.9134645122538997 0.3489123961641448
778.0237174753735
0.9134645122538997 0.5645521160897548
889.8831110298695
0.9134645122538997 0.21563971992560996
814.3140587396135
0.9134645122538997 0.34232993664975864
777.4540497856253
0.9134645122538997 0.3303441020531896
776.540876444582
0.9134645122538997 0.28653092673901015
774.7866342999947
0.9134645122538997 0.2775352564159302
774.6761706584291
0.9134645122538997 0.27035287630360005
774.8640870317981
0.9134645122538997 0.2794492681529472
774.70222551968
0.9134645122538997 0.2747918313331414
774.6445355502351
0.9134645122538997 0.2730963013863889
774.6519460627057
0.9134645122538997 0.27455408839858064
774.6459981945809
0.9134645122538997 0.2758397264691777
774.6456873129046
0.9134645122538997 0.2752183436179985
774.6415637585824
0.9134645122538997 0.2752734463601335
774.6411471933474
0.9134645122538997 0.2754897461146354
774.6394397308244
0.9134645122538997 0.2756234267146758
774.6413026815741
0.9134645122538997 0.27544487516180494
774.6398034162618
0.9134645122538997 0.2755408075602144
774.6395984232835
0.9134645122538997 0.2755019822116871
774.6393396943192
0.9134645122538997 0.2755099298556427
774.6392745204369
0.9134645122538997 0.2755217240892945
774.6392024567325
0.9134645122538997 0.2755290133265626
774.6393538050163
0.9134645122538997 0.2755172190929108
774.6392146088435
0.9134645122538997 0.27552235245876244
774.6392155087192
0.9134645122538997 0.2755197666039881
774.6391936394853
0.9134645122538997 0.2755200747477507
774.6391911019734
0.9134645122538997 0.27552045375655093
774.6391879805795
0.9134645122538997 0.27552093898048197
774.6391861477591
0.9134645122538997 0.2755212471242272
774.6391925489688
1.1269290245077994 0.03585359631411422
1766.190160641958
0.3819660112501051 0.11520932960886243
1717.7032677767588
0.6180339887498948 0.18641261112822907
1035.1903826371836
0.7639320225002102 0.23041865921772486
806.3335914962624
0.917495757570993 0.27673685101661094
774.3859851306385
0.8636089241592746 0.2604833997427921
782.8797143965184
0.9490095739628125 0.2862421094767439
769.7134492067626
0.9684861836081805 0.2921166822769586
767.0975369145307
0.980523390354632 0.2957473679368769
765.6525377807283
0.9879627932535485 0.2979912550771732
764.2408672766692
0.9925605971010835 0.2993780535967952
763.6307522585147
0.9954021961524651 0.30023514221746955
764.6985599953684
0.9912324297855984 0.298977449193475
763.8186709813334
0.9936459913563118 0.29970543231852204
763.4702625112766
0.9943168018972367 0.2999077634957427
763.8266809498098
0.9932314076420085 0.2995803847740159
763.5322942650835
0.9939022181829335 0.29978271595123657
763.4314754156202
0.9940605750706151 0.2998304798630282
763.4073324733247
0.9941584450095551 0.2998599995839511
763.5336568328623
0.9940000881218733 0.2998122356721594
763.4165696766539
0.9940979580608132 0.29984175539308233
763.4016140434576
0.9941210620193569 0.29984872405389695
763.4289527001304
0.9940836790291587 0.2998374485238428
763.4037991478806
0.9941067829877023 0.29984441718465743
763.4002630441054
0.9941122370924679 0.29984606226232186
763.401885049529
0.9941047967801021 0.29984381810086636
763.4005671460122
0.9941088662703446 0.2998450455484111
763.3999440572879
0.9941101538098256 0.29984543389856816
763.399746901305
0.9941109495529867 0.29984567391216477
763.3996250478917
0.9941114413493067 0.29984582224872525
763.3995497366923
0.9941117758788273 0.29984592315016845
763.4004472792137
0.9941114413493067 0.37971678199028747
774.0099511412635
0.9941114413493067 0.6143946593590192
906.141044586677
0.9941114413493067 0.23467787736873164
834.8488345460088
0.9941114413493067 0.38825516049006553
775.6042554264197
0.9941114413493067 0.36033301707290083
770.864288370689
0.9941114413493067 0.31233702456702467
764.6769405220614
0.9941114413493067 0.28267386987460785
765.0868242692984
0.9941114413493067 0.3012645593965696
763.724687547381
0.9941114413493067 0.29879219080836555
763.2960170041172
0.9941114413493067 0.2926355400532491
763.1558331633
0.9941114413493067 0.29506161185075225
765.568708266623
0.9941114413493067 0.29263520857582287
763.1563284667176
0.9941114413493067 0.2935622170207477
762.7605320837953
0.9941114413493067 0.29328407137969204
762.7384694375802
0.9941114413493067 0.2933723022809387
762.745488727847
0.9941114413493067 0.2930363544557599
762.7186590726185
0.9941114413493067 0.29288325697718126
762.7776637676654
0.9941114413493067 0.2931309739011134
762.726243878996
0.9941114413493067 0.29297787642253476
762.7139603384636
0.9941114413493067 0.2929417350104063
762.7110521364118
0.9941114413493067 0.2929193983893096
762.7212278790967
0.9941114413493067 0.29295553980143796
762.7121633516002
0.9941114413493067 0.2929332031803412
762.710365132308
0.9941114413493067 0.29292793021937474
762.7099404505316
0.9941114413493067 0.2929246713502761
762.712966390782
0.9941114413493067 0.2929299443112426
762.7101026726405
0.9941114413493067 0.29292668544214395
762.7098401867461
0.9941114413493067 0.2929259161275069
762.7110150690453
0.9941114413493067 0.2929271609047377
762.7098784845559
0.9941114413493067 0.2929263539690361
762.7103286098682
1.0747583704447137 0.3092098069902763
744.3682699145803
0.3819660112501051 0.13273020392100543
1723.7937855503922
0.6180339887498948 0.20217045286909174
1040.7953621979752
0.7639320225002102 0.24027735102441164
802.8779564117087
0.9376630753854621 0.2808615188710655
771.5491558688377
0.870667672012053 0.2658283033633324
781.5614121018689
0.9120731083868292 0.27521078569419577
774.9690074369935
0.9614736618340757 0.28601781708498397
768.7074879730155
0.9761894135513864 0.2891556553156588
765.1586084604992
0.9852842482826892 0.29107625665558823
765.7615430915166
0.9781697926549048 0.2895750777483805
764.8019560775816
0.9797797051373636 0.28991554060065367
765.3286816280769
0.9778169234340479 0.2895003935067347
764.8319143302152
0.9787191078802009 0.2896912967217316
764.7538434991657
0.9791242199840621 0.28977697317920276
764.7172139024989
0.9793745930335023 0.2898299099781666
764.6940903633522
0.9795293320879234 0.28986262130909585
764.9478993980939
0.9792789590384832 0.2898096911973661
764.7029664465623
0.9794336980929041 0.28984240508259146
764.7107287088274
0.9793459600158954 0.28982385659858567
764.6967535396789
0.9793971691572867 0.28983468275453694
764.691987134067
0.9794111219691197 0.2898376324485672
764.6906857643919
0.9794197452810711 0.28983945544293255
764.6898808998765
0.9794250747809528 0.2898405821089941
764.6893832470912
0.9794283685930225 0.28984127842446267
764.6954472647164
0.979423039093141 0.2898401517614312
764.6895733533019
0.9794263329052109 0.2898408480780572
764.6895590029214
0.9794247167829596 0.28984050642771453
764.6894166811198
0.9794252195483011 0.289840612713009
764.6893697268129
0.9794256448127989 0.28984070261448286
764.6893300093056
0.9794259076407129 0.2898407581766338
764.6893054620065
0.9794260700772969 0.28984079251592554
764.6892902907368
0.9794261704686268 0.2898408137387728
764.6892809143001
0.979426232513881 0.28984082685521284
764.689275119312
0.9794262708599567 0.2898408349616183
764.689379096744
0.9794262054137544 0.2898408211262141
764.6892776504482
0.979426232513881 0.3741075313470451
774.4021096607668
0.979426232513881 0.6053187011668357
900.9570164356867
0.979426232513881 0.23121116981979065
805.828501842961
0.979426232513881 0.3562742522682939
771.7435858721927
0.979426232513881 0.3399281184988246
769.5903994820648
0.979426232513881 0.2984019392566116
765.3663967375869
0.979426232513881 0.27273734906200364
768.4981977680345
0.979426232513881 0.3038920282086204
765.8709013318617
0.979426232513881 0.29445547580881565
765.0618472164309
0.979426232513881 0.2861598895635117
766.6693289997365
0.979426232513881 0.2912868438197157
765.7251408580739
0.979426232513881 0.295470468814158
765.9887602915422
0.979426232513881 0.2944551492649585
765.0618226990041
0.979426232513881 0.2932449642716171
764.9691479056298
0.979426232513881 0.29249702881305706
764.9100696962989
0.979426232513881 0.2920347792782757
764.8728735952354
0.979426232513881 0.291749093354497
765.2059789805517
0.979426232513881 0.29221134288927836
764.887142720929
0.979426232513881 0.29192565696549966
765.0014859603352
0.979426232513881 0.2921022205765023
764.8783328762149
0.979426232513881 0.29199309826372627
764.9217932267707
0.979426232513881 0.2920605395619529
764.8749601617112
0.979426232513881 0.29201885854740345
764.8910835875895
0.979426232513881 0.29204461883108057
764.8736707833225
0.979426232513881 0.2920286981002082
764.879312149292
0.979426232513881 0.2920385376530131
764.8731781217964
0.979426232513881 0.2920324564749456
764.8748097093094
0.979426232513881 0.29203621484968295
764.8729899180892
0.979426232513881 0.29203389204635277
764.8730890268307
0.979426232513881 0.29203520646816794
764.87290821051
0.979426232513881 0.29203444038583704
764.8728461344022
0.6180339887498949 0.203554658922699
1041.3252851016844
0.3819660112501052 0.13358569030956807
1724.0969713205131
0.7639320225002104 0.24198832380153693
802.2767826391446
0.9405582471353203 0.28360026958646795
771.0486742860546
0.8717515147769215 0.2680301293503181
781.2731952045981
0.9142764140292292 0.2777494609391924
774.6330712824874
0.9632629763787566 0.2885587614062968
767.8585030682674
0.9772952707565639 0.29157878795975517
765.4717581561061
0.9859677056221927 0.2934282733778572
764.1337275169485
0.991327565134371 0.29456482723548866
763.3502850784602
0.9946401404878217 0.29526477681105345
765.28807957695
0.9895145142493139 0.2941809262466832
763.6326636182736
0.992592856329094 0.29483240774475605
763.2974219437529
0.9925244525250332 0.29481794895101504
763.1652767051752
0.9919728791444623 0.29470133110162944
763.2482757679679
0.9923137702409448 0.294773411094546
763.1971667565895
0.9924439790533388 0.29480093790794987
763.1774848963908
0.9924937143940387 0.2948114514426868
763.1699437964253
0.9925505804532246 0.29482347181411717
763.1677355774677
0.9925266367156422 0.29481841064486086
763.1649448839048
0.9925329371006328 0.2948197424145736
763.1639875931966
0.9925396762616474 0.2948211669247836
763.1629634056378
0.9925438412922101 0.2948220473165912
763.1623303048204
0.992546415422662 0.2948225914271545
763.1619389818926
0.9925480063227727 0.2948229277054044
763.1616971137938
0.9925489895531139 0.2948231355365741
763.1627465188616
0.9925473986530031 0.29482279925859417
763.1617895007385
0.9925483818833443 0.29482300708986703
763.1616400145592
0.9925486139925424 0.29482305615215093
763.1616047249286
0.9925487574439158 0.2948230864743052
763.1620181142035
0.9925485253347177 0.2948230374120271
763.1616182044011
0.9925486687860913 0.29482306773418365
763.1617398544777
0.9925485801282667 0.2948230489940607
763.1616098736328
0.9925486349218157 0.29482306057609386
763.1616335637847
0.9925486010575401 0.2948230534180038
763.1616066915583
0.9925486219868134 0.29482305784194673
763.1616035094838
0.9925486270765195 0.2948230589177877
763.1616089391588
0.99098580262432 0.2967120081956465
763.993150715232
0.8204355457017606 0.4582521269244554
868.1045359984853
0.7094586097741215 0.515895086290313
1110.1283087274142
0.8890230640723609 0.40391389950811457
788.7914640339316
0.956071630954295 0.33697703977443094
772.7618715598796
0.9402225861341632 0.3540326280088355
776.1403448827307
0.9728507748594055 0.31808870843536713
768.3489604568508
0.9832208560948895 0.305987302398244
765.6152649037219
0.9896299187645161 0.29834482653867955
764.0179313967822
0.9935909373303734 0.2935591051272025
762.859055484683
0.9960389814341426 0.2905775275349838
765.5872333613287
0.9922767742276571 0.2951521683475601
765.6180642792468
0.9945260069720545 0.2924223933973073
763.427371318447
0.9924059245037722 0.29499584151026587
763.2053118766862
0.9933425960196951 0.2938605531927186
762.9293648696943
0.9939481021516474 0.29312523349986425
762.7569351047537
0.9941688421507805 0.29285689226078765
762.8129377784064
0.9939226210963374 0.2931561998572085
762.764259722856
0.9940007557750238 0.29306123888980223
762.74178062519
0.994064959057517 0.29298319555694186
762.7232673237529
0.9941046388682873 0.2929349558615215
762.7118064361712
0.9941291623400104 0.2929051396978468
762.7417695757933
0.9940909367572613 0.2929516143865971
762.7157657185485
0.9941140060009633 0.2929235673161253
762.714441350311
0.9941036326009055 0.2929361792639851
762.7120972603338
0.9941067641862753 0.29293237192658955
762.7111921613141
0.9941095303133459 0.29292900888346074
762.7103926126828
0.9941112398738927 0.2929269303968758
762.7098984291264
0.9941122964404165 0.2929256458170805
762.7113536803579
0.9941105868798696 0.2929277243091543
762.7100871936342
0.9941116434463935 0.29292643973145566
762.7101740145329
0.994111070499422 0.29292713632303813
762.7099473914964
0.994111394024871 0.2929267429794208
762.7098538672974
0.994111489295415 0.29292662714902745
762.7098955105121
0.9941113665942097 0.29292677632974795
762.7098617969436
0.9941114047320001 0.29292672996164243
762.7098507720824
0.9941114370323504 0.2929266906907205
762.7098414346933
0.9941114569950648 0.29292666641995446
762.7098371524859
0.9941114693327008 0.2929266514197955
762.7098594433146
0.9941114493699864 0.29292667569056235
762.7098378681255
0.994111457980965 0.2929266652212921
762.7098389337472
0.9941114533951358 0.29292667079676576
762.7098367045352
0.9941114518576656 0.29292667266602973
762.7098371489867
0.9941114544221341 0.29292666954813623
762.7098364076487
0.9941114554049062 0.29292666835327713
762.7098361235509
0.9941114560122927 0.29292666761481356
762.7098359479653
0.9941114560122927 0.37971678759104976
774.0099501601961
0.9941114560122927 0.6143946684212428
906.14104929294
0.9941114560122927 0.2346778808301931
834.8488925947931
0.9941114560122927 0.38825520928726726
775.6042621294233
0.9941114560122927 0.36033305684681716
770.8642930280389
0.9941114560122927 0.3123370504708174
764.6769405776411
0.9941114560122927 0.28267388720619285
765.086793246841
0.9941114560122927 0.3012643221449049
763.7249356618142
0.9941114560122927 0.2987924256162552
763.296037704765
0.9941114560122927 0.29263569179258203
763.1556049934409
0.9941114560122927 0.2950610539463745
765.5693493542309
0.9941114560122927 0.2926353604177809
763.1561001579182
0.9941114560122927 0.2935620977003031
762.7605198586446
0.9941114560122927 0.2932839601157711
762.7384577714936
0.9941114560122927 0.2933721965712467
762.7454775274975
0.9941114560122927 0.2930363436501428
762.7186554025418
0.9941114560122927 0.2928833082582104
762.7775824648887
0.9941114560122927 0.29313092472383867
762.7262371401769
0.9941114560122927 0.29297788933190627
762.7139585739495
0.9941114560122927 0.2929417625764469
762.7110515530289
0.9941114560122927 0.2929194350136698
762.7211690624092
0.9941114560122927 0.2929555617691291
762.7121623167552
0.9941114560122927 0.292933234206352
762.7103648281305
0.9941114560122927 0.2929279633837647
762.7099403189886
0.9941114560122927 0.292924705836257
762.7129108754865
0.9941114560122927 0.29292997665884435
762.7101024751512
0.9941114560122927 0.2929267191113367
762.7098400959633
0.9941114560122927 0.292925950108685
762.7109603338877
0.9941114560122927 0.2929271943811129
762.7098783782047
0.9941114560122927 0.29292638774085067
762.7102741990543
0.7094586308448283 0.5158951156498984
1110.128302656558
0.8204355587241735 0.4582521604644363
868.1045534900252
0.8890230721206547 0.40391393834592676
788.7914714235196
0.9560716826204676 0.33697703245687044
772.7618656597513
0.9402226205513089 0.3540326405054127
776.1403404238773
0.9728508067908562 0.31808872207115135
768.34895506622
0.9832208758296114 0.3059873299901592
765.6152646744723
0.989629930961245 0.29834486314031194
764.0179331157628
0.9935909448683664 0.29355914744395656
762.8590574040711
0.9960389860928786 0.2905775734399537
765.5871769634396
0.9922767945021289 0.2951521952122775
765.6180320471527
0.9945260134102691 0.2924224370795815
763.42730823605
0.992405994767134 0.2949958078560562
763.2052959783465
0.993342651213606 0.29386053767333953
762.9293533281343
0.9939481092695625 0.2931252763374629
762.7569371789357
0.9941688490090731 0.2928569354207418
762.8128701509218
0.9939227177755298 0.29315613385637945
762.7642360603313
0.9940008219810662 0.29306120990922624
762.7417656837722
0.9940650025947362 0.2929831941244415
762.7232588970311
0.9941046683954031 0.29293497145909025
762.7118020491953
0.9941291832084063 0.29290516582226606
762.7417266769746
0.9940909757565861 0.2929516184689173
762.7157585966144
0.9941140322207425 0.29292358693444087
762.7144079936368
0.9941036944643941 0.2929361555476363
762.7120835279823
0.9941068146772367 0.29293236203642836
762.711181714774
0.9941095715335406 0.2929290102644088
762.7103848451459
0.9941112753644386 0.2929269387438303
762.7098923175389
0.9941123283898445 0.29292565846929336
762.7113306633098
0.9941106245589466 0.2929277299953241
762.7100804495069
0.9941116775843526 0.29292644972286985
762.710154948739
0.9941111115297843 0.2929271379346722
762.7099396785034
0.9941114289987748 0.29292675195450263
762.7098479050326
0.9941115239500163 0.2929266365123135
762.7098773776331
0.9941114121180208 0.2929267724782039
762.7098527849224
0.9941114475222237 0.29292672943360387
762.7098425502752
0.9941114767150429 0.2929266939408314
762.7098341112046
0.9941114947571973 0.29292667200509026
762.7098288955717
0.9941115059078619 0.2929266584480562
762.7098447803163
0.9941114878657075 0.29292668038379793
762.7098308877639
0.9941114990163722 0.2929266668267641
762.7098323292134
0.9941114927829972 0.2929266744053326
762.7098294662737
0.9941114963840573 0.2929266700271457
762.7098284252779
0.9941114973895121 0.2929266688047087
762.709829389906
0.9941114958631121 0.2929266706605136
762.7098285758707
   direc: array([[ 0.        ,  1.        ],
       [ 0.00156283, -0.00237459]])
     fun: 762.7098284252779
 message: 'Optimization terminated successfully.'
    nfev: 339
     nit: 4
  status: 0
 success: True
       x: array([0.9941115 , 0.29466179])

